cPl: 111824
cEn: 0
cPl: 0
cEn: 82192
hiponimia_en.txt: 89150
hiponimia_pl.txt: 145760
e: 74410
p: 97212
	pytanie
0
0 0
pl: 97212
en: 74410
markery: 
321588, 296758, 359301, 357711, 292557, 339880, 338245, 338819, 298287, 349976, 327060, 352787, 305910, 348999, 357581, 360977, 347377, 349666, 293016, 304377, 289195, 320087, 342854, 292720, 353060, 
nan: 38986, 323784
slowo	trans	markers
9	11	321588
13	18	296758
11	10	359301
10	11	357711
10	18	292557
12	13	339880
10	13	338245
9	13	338819
11	17	298287
11	17	349976
8	15	327060
10	14	352787
11	13	305910
9	15	348999
9	12	357581
9	15	360977
6	17	347377
9	13	349666
11	17	293016
7	12	304377
4	12	289195
7	10	320087
1000000000	14	342854
11	18	292720
9	16	353060
	pytanie
25 markerow, pos: 1, wartość: -nan, max: 0.158088, 	Hejira, 	interrogative sentence
cPl: 111824
cEn: 0
cPl: 0
cEn: 82192
hiponimia_en.txt: 89150
hiponimia_pl.txt: 145760
e: 74410
p: 97212
	pytanie
0
0 0
pl: 97212
en: 74410
markery: 
321588, 296758, 359301, 357711, 292557, 339880, 338245, 338819, 298287, 349976, 327060, 352787, 305910, 348999, 357581, 360977, 347377, 349666, 293016, 304377, 289195, 320087, 342854, 292720, 353060, 347913, 362367, 357739, 318355, 291824, 315346, 319723, 363783, 301713, 337991, 
nan: 38986, 323784
slowo	trans	markers
9	11	321588
13	18	296758
11	10	359301
10	11	357711
10	18	292557
12	13	339880
10	13	338245
9	13	338819
11	17	298287
11	17	349976
8	15	327060
10	14	352787
11	13	305910
9	15	348999
9	12	357581
9	15	360977
6	17	347377
9	13	349666
11	17	293016
7	12	304377
4	12	289195
7	10	320087
1000000000	14	342854
11	18	292720
9	16	353060
16	12	347913
9	13	362367
9	11	357739
1000000000	12	318355
10	15	291824
9	12	315346
7	8	319723
13	14	363783
7	11	301713
9	11	337991
	pytanie
35 markerow, pos: 1, wartość: -nan, max: -0.121069, 	Hejira, 	interrogative sentence
cPl: 111824
cEn: 0
cPl: 0
cEn: 82192
hiponimia_en.txt: 89150
hiponimia_pl.txt: 145760
e: 74410
p: 97212
	pytanie
0
0 0
pl: 97212
en: 74410
markery: 
321588, 296758, 359301, 357711, 292557, 339880, 338245, 338819, 298287, 349976, 327060, 352787, 305910, 348999, 357581, 360977, 347377, 349666, 293016, 304377, 289195, 320087, 342854, 292720, 353060, 347913, 362367, 357739, 318355, 291824, 315346, 319723, 363783, 301713, 337991, 307339, 341787, 323092, 341143, 317566, 291728, 293275, 364220, 309113, 292725, 
nan: 38986, 323784
slowo	trans	markers
9	11	321588
13	18	296758
11	10	359301
10	11	357711
10	18	292557
12	13	339880
10	13	338245
9	13	338819
11	17	298287
11	17	349976
8	15	327060
10	14	352787
11	13	305910
9	15	348999
9	12	357581
9	15	360977
6	17	347377
9	13	349666
11	17	293016
7	12	304377
4	12	289195
7	10	320087
1000000000	14	342854
11	18	292720
9	16	353060
16	12	347913
9	13	362367
9	11	357739
1000000000	12	318355
10	15	291824
9	12	315346
7	8	319723
13	14	363783
7	11	301713
9	11	337991
11	14	307339
12	13	341787
6	8	323092
12	11	341143
6	11	317566
13	15	291728
14	17	293275
8	13	364220
9	13	309113
10	18	292725
	pytanie
45 markerow, pos: 1, wartość: -nan, max: 0.0503359, 	Sep 11, 	interrogative sentence
cPl: 111824
cEn: 0
cPl: 0
cEn: 82192
hiponimia_en.txt: 89150
hiponimia_pl.txt: 145760
e: 74410
p: 97212
	pytanie
0
0 0
pl: 97212
en: 74410
markery: 
321588, 296758, 359301, 357711, 292557, 339880, 338245, 338819, 298287, 349976, 327060, 352787, 305910, 348999, 357581, 360977, 347377, 349666, 293016, 304377, 289195, 320087, 342854, 292720, 353060, 347913, 362367, 357739, 318355, 291824, 315346, 319723, 363783, 301713, 337991, 307339, 341787, 323092, 341143, 317566, 291728, 293275, 364220, 309113, 292725, 361496, 292763, 355599, 349073, 350906, 350932, 297171, 347395, 357962, 298120, 
nan: 38986, 323784
slowo	trans	markers
9	11	321588
13	18	296758
11	10	359301
10	11	357711
10	18	292557
12	13	339880
10	13	338245
9	13	338819
11	17	298287
11	17	349976
8	15	327060
10	14	352787
11	13	305910
9	15	348999
9	12	357581
9	15	360977
6	17	347377
9	13	349666
11	17	293016
7	12	304377
4	12	289195
7	10	320087
1000000000	14	342854
11	18	292720
9	16	353060
16	12	347913
9	13	362367
9	11	357739
1000000000	12	318355
10	15	291824
9	12	315346
7	8	319723
13	14	363783
7	11	301713
9	11	337991
11	14	307339
12	13	341787
6	8	323092
12	11	341143
6	11	317566
13	15	291728
14	17	293275
8	13	364220
9	13	309113
10	18	292725
8	11	361496
10	19	292763
7	11	355599
10	13	349073
7	15	350906
10	15	350932
11	16	297171
8	14	347395
8	11	357962
12	15	298120
	pytanie
55 markerow, pos: 1, wartość: -nan, max: 0.0972044, 	Hejira, 	interrogative sentence
cPl: 111824
cEn: 0
cPl: 0
cEn: 82192
hiponimia_en.txt: 89150
hiponimia_pl.txt: 145760
e: 74410
p: 97212
	pytanie
0
0 0
pl: 97212
en: 74410
markery: 
321588, 296758, 359301, 357711, 292557, 339880, 338245, 338819, 298287, 349976, 327060, 352787, 305910, 348999, 357581, 360977, 347377, 349666, 293016, 304377, 289195, 320087, 342854, 292720, 353060, 347913, 362367, 357739, 318355, 291824, 315346, 319723, 363783, 301713, 337991, 307339, 341787, 323092, 341143, 317566, 291728, 293275, 364220, 309113, 292725, 361496, 292763, 355599, 349073, 350906, 350932, 297171, 347395, 357962, 298120, 339190, 363827, 364958, 296639, 294358, 309443, 309343, 300847, 360543, 357938, 
